Aerodynamic Coefficients for Q400 VTOL UAV

Cruise speed: 15.00 m/s
Altitude: 0.00 m
Notes:
*Reference area and reference length equal to 1.0
*Control surfaces in neutral (untrimmed) positions
*Hinges and actuators in neutral position
*Non-potential-flow solutions do not account for induced flows, significantly over-estimating performance

Angle of Attack [deg]	CFx	CFy	CFz	CMx	CMy	CMz	Cl	Cd	Potential Flow Solution? (0=No, 1=Yes)
-25.000000	 -0.000000	 -0.053483	 -1.185750	  0.311334	 -0.000019	  0.000163	 -1.052052	  0.549592	  1.000000
-24.750000	  0.000000	 -0.058252	 -1.163391	  0.307268	 -0.000020	  0.000163	 -1.032138	  0.539966	  1.000000
-24.500000	  0.000000	 -0.062902	 -1.141085	  0.303195	 -0.000021	  0.000163	 -1.012258	  0.530439	  1.000000
-24.250000	  0.000000	 -0.067432	 -1.118837	  0.299117	 -0.000021	  0.000163	 -0.992418	  0.521010	  1.000000
-24.000000	  0.000000	 -0.071849	 -1.096665	  0.295033	 -0.000022	  0.000163	 -0.972630	  0.511691	  1.000000
-23.750000	  0.000000	 -0.076147	 -1.074555	  0.290944	 -0.000023	  0.000163	 -0.952884	  0.502471	  1.000000
-23.500000	  0.000000	 -0.080328	 -1.052517	  0.286851	 -0.000024	  0.000163	 -0.933190	  0.493355	  1.000000
-23.250000	  0.000000	 -0.084391	 -1.030551	  0.282752	 -0.000025	  0.000163	 -0.913548	  0.484342	  1.000000
-23.000000	 -0.000000	 -0.088338	 -1.008660	  0.278645	 -0.000025	  0.000163	 -0.893960	  0.475431	  1.000000
-22.750000	 -0.000000	 -0.092161	 -0.986828	  0.274531	 -0.000026	  0.000163	 -0.874414	  0.466608	  1.000000
-22.500000	  0.000000	 -0.095880	 -0.965080	  0.270414	 -0.000027	  0.000163	 -0.854926	  0.457901	  1.000000
-22.250000	 -0.000000	 -0.099527	 -0.943542	  0.266255	 -0.000028	  0.000163	 -0.835600	  0.449387	  1.000000
-22.000000	  0.000000	 -0.103058	 -0.922119	  0.262076	 -0.000028	  0.000163	 -0.816368	  0.440985	  1.000000
-21.750000	  0.000000	 -0.106482	 -0.900889	  0.257821	 -0.000029	  0.000163	 -0.797296	  0.432732	  1.000000
-21.500000	 -0.000000	 -0.109768	 -0.879719	  0.253516	 -0.000030	  0.000163	 -0.778276	  0.424548	  1.000000
-21.250000	 -0.000000	 -0.112913	 -0.858596	  0.249169	 -0.000030	  0.000163	 -0.759294	  0.416423	  1.000000
-21.000000	  0.000000	 -0.115968	 -0.837725	  0.244726	 -0.000031	  0.000162	 -0.740524	  0.408479	  1.000000
-20.750000	 -0.000000	 -0.119063	 -0.817581	  0.239961	 -0.000032	  0.000162	 -0.722366	  0.401002	  1.000000
-20.500000	 -0.000000	 -0.122128	 -0.797855	  0.235006	 -0.000033	  0.000162	 -0.704558	  0.393809	  1.000000
-20.250000	  0.000000	 -0.125080	 -0.778192	  0.229997	 -0.000033	  0.000162	 -0.686801	  0.386694	  1.000000
-20.000000	  0.000000	 -0.127913	 -0.758582	  0.224938	 -0.000034	  0.000162	 -0.669086	  0.379649	  1.000000
-19.750000	  0.000000	 -0.130620	 -0.739023	  0.219846	 -0.000035	  0.000162	 -0.651412	  0.372664	  1.000000
-19.500000	 -0.000000	 -0.133254	 -0.719661	  0.214673	 -0.000035	  0.000162	 -0.633901	  0.365839	  1.000000
-19.250000	 -0.000000	 -0.135934	 -0.700777	  0.209294	 -0.000036	  0.000162	 -0.616780	  0.359373	  1.000000
-19.000000	 -0.000000	 -0.138545	 -0.681988	  0.203878	 -0.000036	  0.000162	 -0.599726	  0.353030	  1.000000
-18.750000	  0.000000	 -0.141039	 -0.663196	  0.198473	 -0.000037	  0.000161	 -0.582665	  0.346732	  1.000000
-18.500000	 -0.000000	 -0.143407	 -0.644371	  0.193078	 -0.000038	  0.000161	 -0.565568	  0.340458	  1.000000
-18.250000	  0.000000	 -0.145654	 -0.625546	  0.187700	 -0.000038	  0.000161	 -0.548467	  0.334226	  1.000000
-18.000000	 -0.000000	 -0.147801	 -0.606554	  0.182413	 -0.000039	  0.000161	 -0.531194	  0.328003	  1.000000
-17.750000	 -0.000000	 -0.149873	 -0.587327	  0.177285	 -0.000040	  0.000161	 -0.513677	  0.321794	  1.000000
-17.500000	  0.000000	 -0.151840	 -0.568102	  0.172152	 -0.000040	  0.000161	 -0.496150	  0.315644	  1.000000
-17.250000	  0.000000	 -0.153707	 -0.548833	  0.166996	 -0.000041	  0.000161	 -0.478566	  0.309545	  1.000000
-17.000000	 -0.000000	 -0.155443	 -0.529315	  0.161885	 -0.000041	  0.000161	 -0.460740	  0.303408	  1.000000
-16.750000	  0.000000	 -0.157060	 -0.509606	  0.156817	 -0.000042	  0.000160	 -0.442720	  0.297262	  1.000000
-16.500000	 -0.000000	 -0.158564	 -0.488792	  0.152087	 -0.000043	  0.000160	 -0.423628	  0.290859	  1.000000
-16.250000	  0.000000	 -0.159938	 -0.467361	  0.147539	 -0.000043	  0.000160	 -0.403934	  0.284330	  1.000000
-16.000000	 -0.000000	 -0.161162	 -0.445947	  0.142979	 -0.000044	  0.000160	 -0.384249	  0.277839	  1.000000
-15.750000	  0.000000	 -0.162269	 -0.424544	  0.138411	 -0.000045	  0.000160	 -0.364558	  0.271415	  1.000000
-15.499999	  0.000000	 -0.163340	 -0.402874	  0.133712	 -0.000045	  0.000160	 -0.344571	  0.265063	  1.000000
-15.250001	 -0.000000	 -0.164470	 -0.380753	  0.128855	 -0.000046	  0.000159	 -0.324085	  0.258829	  1.000000
-15.000001	 -0.000000	 -0.166239	 -0.356966	  0.123650	 -0.000047	  0.000159	 -0.301777	  0.252964	  1.000000
-14.750000	  0.000000	 -0.167960	 -0.332912	  0.118375	 -0.000047	  0.000159	 -0.279178	  0.247185	  1.000000
-14.500000	 -0.000000	 -0.169505	 -0.308873	  0.113083	 -0.000048	  0.000159	 -0.256594	  0.241441	  1.000000
-14.250000	  0.000000	 -0.170876	 -0.284861	  0.107788	 -0.000049	  0.000159	 -0.234034	  0.235738	  1.000000
-14.000000	  0.000000	 -0.172095	 -0.260930	  0.102566	 -0.000050	  0.000158	 -0.211546	  0.230107	  1.000000
-13.750000	 -0.000000	 -0.173179	 -0.237251	  0.097405	 -0.000050	  0.000158	 -0.189289	  0.224608	  1.000000
-13.500000	  0.000000	 -0.174226	 -0.215026	  0.092483	 -0.000051	  0.000158	 -0.168413	  0.219609	  1.000000
-13.250000	 -0.000000	 -0.175109	 -0.192824	  0.087547	 -0.000052	  0.000158	 -0.147556	  0.214643	  1.000000
-13.000000	  0.000000	 -0.175829	 -0.170643	  0.082598	 -0.000052	  0.000158	 -0.126716	  0.209709	  1.000000
-12.750000	  0.000000	 -0.176385	 -0.148484	  0.077635	 -0.000053	  0.000157	 -0.105895	  0.204806	  1.000000
-12.500000	 -0.000000	 -0.176689	 -0.126815	  0.073182	 -0.000054	  0.000157	 -0.085567	  0.199949	  1.000000
-12.250000	 -0.000000	 -0.173733	 -0.127643	  0.094986	 -0.000054	  0.000157	 -0.087875	  0.196861	  1.000000
-12.000000	  0.000000	 -0.174741	 -0.102953	  0.088136	 -0.000054	  0.000157	 -0.064373	  0.192328	  1.000000
-11.750000	  0.000000	 -0.175656	 -0.078768	  0.082047	 -0.000055	  0.000157	 -0.041346	  0.188016	  1.000000
-11.500000	  0.000000	 -0.176419	 -0.054704	  0.076102	 -0.000056	  0.000156	 -0.018434	  0.183783	  1.000000
-11.250000	 -0.000000	 -0.176178	 -0.037890	  0.078637	 -0.000056	  0.000156	 -0.002791	  0.180185	  1.000000
-11.000000	 -0.000000	 -0.175861	 -0.017560	  0.076781	 -0.000057	  0.000156	  0.016318	  0.175980	  1.000000
-10.750000	 -0.000000	 -0.174932	 -0.005602	  0.084958	 -0.000057	  0.000156	  0.027125	  0.172907	  1.000000
-10.500000	  0.000000	 -0.176477	  0.017052	  0.081277	 -0.000058	  0.000155	  0.048927	  0.170414	  1.000000
-10.250000	  0.000000	 -0.177994	  0.039344	  0.077813	 -0.000058	  0.000155	  0.070389	  0.168152	  1.000000
-10.000000	  0.000000	 -0.179428	  0.061876	  0.074003	 -0.000059	  0.000155	  0.092093	  0.165957	  1.000000
 -9.750000	 -0.000000	 -0.180770	  0.084154	  0.070131	 -0.000059	  0.000154	  0.113552	  0.163907	  1.000000
 -9.500000	 -0.000000	 -0.181951	  0.106389	  0.066276	 -0.000060	  0.000154	  0.134961	  0.161896	  1.000000
 -9.250000	  0.000000	 -0.181534	  0.123692	  0.062531	 -0.000061	  0.000154	  0.151264	  0.159291	  1.000000
 -9.000000	  0.000000	 -0.180061	  0.137857	  0.058975	 -0.000061	  0.000154	  0.164327	  0.156279	  1.000000
 -8.750000	 -0.000000	 -0.177706	  0.148939	  0.057744	 -0.000061	  0.000153	  0.174239	  0.152981	  1.000000
 -8.500000	 -0.000000	 -0.175387	  0.160667	  0.055226	 -0.000062	  0.000153	  0.184826	  0.149712	  1.000000
 -8.250000	  0.000000	 -0.169523	  0.153637	  0.074068	 -0.000061	  0.000153	  0.176372	  0.145723	  1.000000
 -8.000000	  0.000000	 -0.167727	  0.169162	  0.068645	 -0.000062	  0.000153	  0.190859	  0.142552	  1.000000
 -7.750000	 -0.000000	 -0.166957	  0.191751	  0.061441	 -0.000062	  0.000153	  0.212514	  0.139574	  1.000000
 -7.500000	  0.000000	 -0.163471	  0.200181	  0.071567	 -0.000062	  0.000152	  0.219805	  0.135944	  1.000000
 -7.250000	  0.000000	 -0.162401	  0.223155	  0.067079	 -0.000063	  0.000152	  0.241866	  0.132941	  1.000000
 -7.000000	 -0.000000	 -0.161264	  0.246501	  0.062115	 -0.000064	  0.000152	  0.264317	  0.130021	  1.000000
 -6.750000	 -0.000000	 -0.160134	  0.270959	  0.056740	 -0.000064	  0.000152	  0.287903	  0.127176	  1.000000
 -6.500000	 -0.000000	 -0.158849	  0.298272	  0.051053	 -0.000065	  0.000151	  0.314337	  0.124063	  1.000000
 -6.250000	  0.000000	 -0.157215	  0.335251	  0.043352	 -0.000066	  0.000151	  0.350374	  0.119783	  1.000000
 -6.000000	 -0.000000	 -0.155285	  0.373890	  0.035217	 -0.000067	  0.000151	  0.388074	  0.115352	  1.000000
 -5.750000	 -0.000000	 -0.153058	  0.415010	  0.026638	 -0.000068	  0.000150	  0.428256	  0.110708	  1.000000
 -5.500000	  0.000000	 -0.150534	  0.456614	  0.017905	 -0.000069	  0.000150	  0.468940	  0.106077	  1.000000
 -5.250000	 -0.000000	 -0.147737	  0.498503	  0.009191	 -0.000070	  0.000150	  0.509930	  0.101503	  1.000000
 -5.000000	  0.000000	 -0.144671	  0.540984	  0.000534	 -0.000072	  0.000150	  0.551534	  0.096970	  1.000000
 -4.750000	 -0.000000	 -0.142836	  0.579386	 -0.006473	 -0.000073	  0.000149	  0.589224	  0.094368	  1.000000
 -4.500000	 -0.000000	 -0.141910	  0.614910	 -0.012261	 -0.000074	  0.000149	  0.624148	  0.093227	  1.000000
 -4.250000	  0.000000	 -0.141036	  0.649637	 -0.017714	 -0.000074	  0.000148	  0.658302	  0.092505	  1.000000
 -4.000000	 -0.000000	 -0.140029	  0.684184	 -0.023096	 -0.000075	  0.000148	  0.692285	  0.091962	  1.000000
 -3.750000	  0.000000	 -0.139026	  0.718235	 -0.028245	 -0.000076	  0.000148	  0.725790	  0.091754	  1.000000
 -3.500000	  0.000000	 -0.137997	  0.751764	 -0.033157	 -0.000077	  0.000147	  0.758786	  0.091845	  1.000000
 -3.250000	 -0.000000	 -0.136862	  0.784932	 -0.037976	 -0.000078	  0.000147	  0.791429	  0.092141	  1.000000
 -3.000000	 -0.000000	 -0.135587	  0.817949	 -0.042805	 -0.000079	  0.000147	  0.823924	  0.092593	  1.000000
 -2.750000	 -0.000000	 -0.134078	  0.850885	 -0.047674	 -0.000080	  0.000146	  0.856338	  0.093100	  1.000000
 -2.500000	  0.000000	 -0.132331	  0.883844	 -0.052638	 -0.000081	  0.000146	  0.888775	  0.093653	  1.000000
 -2.250000	 -0.000000	 -0.130388	  0.916850	 -0.057785	 -0.000081	  0.000146	  0.921262	  0.094292	  1.000000
 -2.000000	 -0.000000	 -0.128240	  0.949809	 -0.063040	 -0.000082	  0.000145	  0.953706	  0.095014	  1.000000
 -1.750000	  0.000000	 -0.125880	  0.982086	 -0.068150	 -0.000083	  0.000145	  0.985472	  0.095829	  1.000000
 -1.500000	 -0.000000	 -0.123301	  1.014018	 -0.073192	 -0.000084	  0.000145	  1.016898	  0.096715	  1.000000
 -1.250000	  0.000000	 -0.120539	  1.045669	 -0.078175	 -0.000085	  0.000144	  1.048050	  0.097699	  1.000000
 -1.000000	  0.000000	 -0.117593	  1.077148	 -0.083109	 -0.000086	  0.000144	  1.079036	  0.098776	  1.000000
 -0.750000	 -0.000000	 -0.114412	  1.108549	 -0.088021	 -0.000086	  0.000143	  1.109951	  0.099892	  1.000000
 -0.500000	 -0.000000	 -0.111024	  1.139797	 -0.092908	 -0.000087	  0.000143	  1.140723	  0.101073	  1.000000
 -0.250000	  0.000000	 -0.107433	  1.170898	 -0.097754	 -0.000088	  0.000143	  1.171355	  0.102323	  1.000000
  0.000000	 -0.000000	 -0.103617	  1.201809	 -0.102538	 -0.000089	  0.000142	  1.201809	  0.103617	  1.000000
  0.250000	  0.000000	 -0.099574	  1.232644	 -0.107289	 -0.000089	  0.000142	  1.232198	  0.104951	  1.000000
  0.500000	 -0.000000	 -0.095308	  1.263575	 -0.112173	 -0.000090	  0.000142	  1.262696	  0.106331	  1.000000
  0.750000	 -0.000000	 -0.090845	  1.294623	 -0.117294	 -0.000091	  0.000141	  1.293324	  0.107783	  1.000000
  1.000000	 -0.000000	 -0.086191	  1.325331	 -0.122458	 -0.000092	  0.000141	  1.323625	  0.109308	  1.000000
  1.250000	 -0.000000	 -0.081360	  1.354826	 -0.127685	 -0.000092	  0.000141	  1.352728	  0.110896	  1.000000
  1.500000	  0.000000	 -0.076359	  1.384360	 -0.133567	 -0.000093	  0.000140	  1.381886	  0.112571	  1.000000
  1.750000	 -0.000000	 -0.071209	  1.414518	 -0.140544	 -0.000094	  0.000140	  1.411684	  0.114373	  1.000000
  2.000000	 -0.000000	 -0.065861	  1.444832	 -0.148176	 -0.000095	  0.000140	  1.441653	  0.116244	  1.000000
  2.250000	 -0.000000	 -0.060265	  1.475078	 -0.155757	 -0.000095	  0.000139	  1.471574	  0.118130	  1.000000
  2.500000	  0.000000	 -0.054427	  1.504282	 -0.162549	 -0.000096	  0.000139	  1.500476	  0.119991	  1.000000
  2.750000	  0.000000	 -0.048369	  1.532301	 -0.168469	 -0.000097	  0.000139	  1.528216	  0.121831	  1.000000
  3.000000	 -0.000000	 -0.042109	  1.559446	 -0.173808	 -0.000097	  0.000138	  1.555105	  0.123666	  1.000000
  3.250000	 -0.000000	 -0.035678	  1.586194	 -0.178917	 -0.000098	  0.000138	  1.581621	  0.125546	  1.000000
  3.500000	 -0.000000	 -0.029065	  1.612615	 -0.183863	 -0.000099	  0.000138	  1.607833	  0.127458	  1.000000
  3.750000	 -0.000000	 -0.022261	  1.638555	 -0.188637	 -0.000099	  0.000137	  1.633590	  0.129380	  1.000000
  4.000000	  0.000000	 -0.015274	  1.663516	 -0.193227	 -0.000100	  0.000137	  1.658398	  0.131277	  1.000000
  4.250000	 -0.000000	 -0.008099	  1.687778	 -0.197680	 -0.000100	  0.000137	  1.682537	  0.133155	  1.000000
  4.500000	  0.000000	 -0.000739	  1.711585	 -0.202142	 -0.000101	  0.000136	  1.706251	  0.135026	  1.000000
  4.750000	 -0.000000	  0.006777	  1.734993	 -0.206838	 -0.000101	  0.000136	  1.729595	  0.136918	  1.000000
  5.000000	 -0.000000	  0.014469	  1.758240	 -0.211639	 -0.000102	  0.000136	  1.752811	  0.138827	  1.000000
  5.250000	  0.000000	  0.021987	  1.777796	 -0.215796	 -0.000102	  0.000135	  1.772350	  0.140776	  1.000000
  5.500000	  0.000000	  0.029251	  1.793218	 -0.219340	 -0.000103	  0.000135	  1.787766	  0.142756	  1.000000
  5.750000	  0.000000	  0.036359	  1.806124	 -0.222739	 -0.000103	  0.000135	  1.800679	  0.144776	  1.000000
  6.000000	 -0.000000	  0.043440	  1.818138	 -0.226630	 -0.000103	  0.000134	  1.812718	  0.146845	  1.000000
  6.250000	  0.000000	  0.050441	  1.829034	 -0.231596	 -0.000103	  0.000134	  1.823655	  0.148980	  1.000000
  6.500000	  0.000000	  0.057514	  1.840041	 -0.236763	 -0.000103	  0.000134	  1.834724	  0.151154	  1.000000
  6.750000	 -0.000000	  0.064463	  1.849259	 -0.241396	 -0.000103	  0.000133	  1.844018	  0.153341	  1.000000
  7.000000	 -0.000000	  0.071335	  1.858180	 -0.245561	 -0.000103	  0.000133	  1.853023	  0.155652	  1.000000
  7.250000	  0.000000	  0.077611	  1.864298	 -0.249183	 -0.000104	  0.000133	  1.859187	  0.158282	  1.000000
  7.500000	 -0.000000	  0.083363	  1.866649	 -0.255091	 -0.000103	  0.000132	  1.861560	  0.160997	  1.000000
  7.750000	 -0.000000	  0.086988	  1.861564	 -0.258221	 -0.000103	  0.000132	  1.856291	  0.164840	  1.000000
  8.000000	 -0.000000	  0.086336	  1.845329	 -0.262024	 -0.000103	  0.000131	  1.839386	  0.171324	  1.000000
  8.250000	 -0.000000	  0.090547	  1.846805	 -0.264271	 -0.000102	  0.000131	  1.840686	  0.175393	  1.000000
  8.500000	 -0.000000	  0.094262	  1.843703	 -0.264381	 -0.000102	  0.000130	  1.837384	  0.179290	  1.000000
  8.750000	  0.000000	  0.097822	  1.841369	 -0.263984	 -0.000102	  0.000130	  1.834820	  0.183432	  1.000000
  9.000000	  0.000000	  0.101541	  1.842735	 -0.262257	 -0.000102	  0.000129	  1.835932	  0.187976	  1.000000
  9.250000	 -0.000000	  0.101836	  1.829168	 -0.261250	 -0.000102	  0.000129	  1.821751	  0.193513	  1.000000
  9.500000	 -0.000000	  0.105800	  1.827567	 -0.263830	 -0.000101	  0.000128	  1.819965	  0.197286	  1.000000
  9.750000	 -0.000000	  0.109364	  1.824239	 -0.266498	 -0.000101	  0.000128	  1.816410	  0.201150	  1.000000
 10.000000	  0.000000	  0.112577	  1.819452	 -0.268438	 -0.000100	  0.000127	  1.811359	  0.205078	  1.000000
 10.250000	 -0.000000	  0.111204	  1.786835	 -0.289229	 -0.000099	  0.000126	  1.778106	  0.208526	  1.000000
 10.500000	  0.000000	  0.113166	  1.783641	 -0.279376	 -0.000099	  0.000126	  1.774396	  0.213772	  1.000000
 10.750000	 -0.000000	  0.108265	  1.763207	 -0.308719	 -0.000099	  0.000125	  1.752457	  0.222515	  1.000000
 11.000000	 -0.000000	  0.106167	  1.735234	 -0.306501	 -0.000097	  0.000124	  1.723611	  0.226882	  1.000000
 11.250000	 -0.000000	  0.108721	  1.735561	 -0.309067	 -0.000097	  0.000124	  1.723423	  0.231959	  1.000000
 11.500000	 -0.000000	  0.112185	  1.739139	 -0.312101	 -0.000097	  0.000123	  1.726591	  0.236795	  1.000000
 11.750000	 -0.000000	  0.115862	  1.743589	 -0.314975	 -0.000097	  0.000123	  1.730647	  0.241634	  1.000000
 12.000000	  0.000000	  0.119844	  1.749281	 -0.317893	 -0.000097	  0.000122	  1.735972	  0.246471	  1.000000
 12.250000	 -0.000000	  0.124056	  1.755921	 -0.320852	 -0.000097	  0.000122	  1.742262	  0.251336	  1.000000
 12.500000	  0.000000	  0.128369	  1.763139	 -0.323797	 -0.000097	  0.000121	  1.749130	  0.256288	  1.000000
 12.750000	  0.000000	  0.132490	  1.770011	 -0.325993	 -0.000097	  0.000121	  1.755607	  0.261414	  1.000000
 13.000000	  0.000000	  0.136439	  1.776441	 -0.327963	 -0.000097	  0.000120	  1.761603	  0.266670	  1.000000
 13.250000	 -0.000000	  0.139943	  1.781098	 -0.329804	 -0.000097	  0.000120	  1.765759	  0.272011	  1.000000
 13.500000	 -0.000000	  0.141132	  1.776983	 -0.324615	 -0.000097	  0.000119	  1.760831	  0.277596	  1.000000
 13.750000	 -0.000000	  0.143109	  1.775371	 -0.324702	 -0.000096	  0.000119	  1.758508	  0.282973	  1.000000
 14.000000	 -0.000000	  0.143066	  1.769144	 -0.319501	 -0.000096	  0.000118	  1.751204	  0.289178	  1.000000
 14.250000	 -0.000000	  0.144067	  1.766806	 -0.319421	 -0.000096	  0.000117	  1.747905	  0.295271	  1.000000
 14.500000	 -0.000000	  0.144007	  1.760553	 -0.313787	 -0.000095	  0.000117	  1.740531	  0.301387	  1.000000
 14.750000	 -0.000000	  0.144827	  1.759470	 -0.313180	 -0.000095	  0.000116	  1.738362	  0.307910	  1.000000
 15.000001	 -0.000000	  0.144808	  1.756682	 -0.312187	 -0.000095	  0.000115	  1.734303	  0.314789	  1.000000
 15.250001	  0.000000	  0.144236	  1.752361	 -0.309931	 -0.000095	  0.000115	  1.728594	  0.321769	  1.000000
 15.499999	  0.000000	  0.142991	  1.747686	 -0.308180	 -0.000094	  0.000114	  1.722336	  0.329259	  1.000000
 15.750000	  0.000000	  0.141923	  1.746695	 -0.310890	 -0.000094	  0.000113	  1.719639	  0.337529	  1.000000
 16.000000	 -0.000000	  0.141071	  1.746951	 -0.316425	 -0.000094	  0.000113	  1.718161	  0.345919	  1.000000
 16.250000	  0.000000	  0.140311	  1.749429	 -0.324800	 -0.000094	  0.000112	  1.718803	  0.354835	  1.000000
 16.500000	  0.000000	  0.139514	  1.754045	 -0.335505	 -0.000094	  0.000111	  1.721437	  0.364407	  1.000000
 16.750000	 -0.000000	  0.138495	  1.756742	 -0.343289	 -0.000094	  0.000111	  1.722120	  0.373668	  1.000000
 17.000000	  0.000000	  0.136040	  1.754436	 -0.341171	 -0.000093	  0.000110	  1.717550	  0.382852	  1.000000
 17.250000	  0.000000	  0.135565	  1.760906	 -0.349316	 -0.000093	  0.000109	  1.721901	  0.392715	  1.000000
 17.500000	 -0.000000	  0.135824	  1.767521	 -0.355432	 -0.000093	  0.000108	  1.726558	  0.401966	  1.000000
 17.750000	 -0.000000	  0.137191	  1.776215	 -0.361478	 -0.000093	  0.000108	  1.733484	  0.410845	  1.000000
 18.000000	  0.000000	  0.139508	  1.786631	 -0.367356	 -0.000093	  0.000107	  1.742297	  0.419420	  1.000000
 18.250000	 -0.000000	  0.140026	  1.797179	 -0.367885	 -0.000094	  0.000107	  1.750630	  0.429829	  1.000000
 18.500000	  0.000000	  0.144149	  1.805729	 -0.375619	 -0.000094	  0.000106	  1.758155	  0.436266	  1.000000
 18.750000	 -0.000000	  0.144770	  1.823313	 -0.372574	 -0.000094	  0.000105	  1.773084	  0.448997	  1.000000
 19.000000	 -0.000000	  0.150414	  1.824793	 -0.386881	 -0.000094	  0.000105	  1.774346	  0.451876	  1.000000
 19.250000	 -0.000000	  0.154354	  1.837566	 -0.393782	 -0.000094	  0.000104	  1.785715	  0.460104	  0.000000
 19.500000	 -0.000000	  0.158199	  1.849631	 -0.399332	 -0.000094	  0.000104	  1.796347	  0.468294	  0.000000
 19.750000	 -0.000000	  0.159614	  1.855058	 -0.399842	 -0.000094	  0.000103	  1.799872	  0.476630	  1.000000
 20.000000	 -0.000000	  0.161920	  1.861862	 -0.404386	 -0.000094	  0.000102	  1.804958	  0.484640	  1.000000
 20.250000	 -0.000000	  0.164259	  1.870237	 -0.408022	 -0.000094	  0.000102	  1.811493	  0.493215	  1.000000
 20.500000	 -0.000000	  0.150510	  1.827278	 -0.406053	 -0.000093	  0.000101	  1.764271	  0.498948	  1.000000
 20.750000	  0.000000	  0.153535	  1.839687	 -0.409437	 -0.000093	  0.000100	  1.774752	  0.508208	  1.000000
 21.000000	 -0.000000	  0.157679	  1.854587	 -0.413056	 -0.000093	  0.000100	  1.787914	  0.517419	  1.000000
 21.250000	  0.000000	  0.161875	  1.869471	 -0.416677	 -0.000093	  0.000099	  1.801031	  0.526699	  1.000000
 21.500000	 -0.000000	  0.166127	  1.884307	 -0.420267	 -0.000094	  0.000098	  1.814078	  0.536033	  1.000000
 21.750000	 -0.000000	  0.170434	  1.899102	 -0.423836	 -0.000094	  0.000098	  1.827059	  0.545426	  1.000000
 22.000000	  0.000000	  0.175016	  1.914194	 -0.427213	 -0.000094	  0.000097	  1.840371	  0.554798	  1.000000
 22.250000	  0.000000	  0.180023	  1.929894	 -0.430365	 -0.000094	  0.000097	  1.854360	  0.564133	  1.000000
 22.500000	  0.000000	  0.185054	  1.945410	 -0.433326	 -0.000094	  0.000096	  1.868141	  0.573508	  1.000000
 22.750000	 -0.000000	  0.190129	  1.960889	 -0.436284	 -0.000095	  0.000096	  1.881859	  0.582960	  1.000000
 23.000000	  0.000000	  0.195234	  1.976306	 -0.439202	 -0.000095	  0.000095	  1.895483	  0.592490	  1.000000
 23.250000	 -0.000000	  0.200345	  1.991492	 -0.441874	 -0.000095	  0.000095	  1.908850	  0.602054	  1.000000
 23.500000	 -0.000000	  0.205463	  2.006503	 -0.444367	 -0.000096	  0.000094	  1.922012	  0.611669	  1.000000
 23.750000	  0.000000	  0.210655	  2.021431	 -0.446565	 -0.000096	  0.000094	  1.935079	  0.621310	  1.000000
 24.000000	  0.000000	  0.215884	  2.036353	 -0.448791	 -0.000096	  0.000093	  1.948108	  0.631040	  1.000000
 24.250000	 -0.000000	  0.221150	  2.051300	 -0.451092	 -0.000096	  0.000092	  1.961128	  0.640871	  1.000000
 24.500000	  0.000000	  0.226434	  2.066215	 -0.453398	 -0.000096	  0.000092	  1.974077	  0.650799	  1.000000
 24.750000	 -0.000000	  0.231747	  2.081188	 -0.455820	 -0.000097	  0.000091	  1.987040	  0.660850	  1.000000
 25.000000	  0.000000	  0.237067	  2.096091	 -0.458201	 -0.000097	  0.000091	  1.999892	  0.670990	  1.000000

Performance Parameters for Q400 VTOL UAV

maxLiftToDragRatio: 13.2114286423
maxLiftToDragRatioLiftCoefficient: 1.56725394726
maxLiftToDragRatioDragCoefficient: 0.118628941476
maxLiftToDragRatioAngleOfAttack: 3.00032353401
zeroLiftAngleOfAttack: -12.0466527939
zeroLiftDragCoefficient: 0.17683967948
minDragCoefficient: 0.0870483741164
minDragCoefficientAngleOfAttack: -3.05111145973
bestGlideRatioPathAngle: -4.32858419418
bestGlideRatioSpeed: 17.6733703613
bestGlideRatioAngleOfAttack: 3.00038313866
bestGlideRatio: 13.2114181519
bestGlideRatioSinkRate: -1.33391880989
maxAircraftMass: 26.7527179718
maxPayloadMassSpeed: 32.1400794983
maxPayloadMassAngleOfAttack: 5.38684415817
maxPayloadMass: 0.0
minThrust-g-: 2264.88378906
minThrustSpeed: 17.6446552277
minThrustAngleOfAttack: 3.03343105316
requiredStaticThrust-g-: 6804.02832031
availableStaticThrust-g-: 16927.8398438
thrustToWeightRatio: 0.564261317253
maxFlightTime: 111.596076965
maxFlightTimeSpeed: 16.7579479218
maxFlightTimeAngleOfAttack: 5.07485675812
maxFlightTimeRange: 112.207275391
maxFlightTimeThrust-g-: 2316.32592773
maxFlightTimeStaticThrust-g-: 21228.0019531
maxRange: 125.667060852
maxRangeSpeed: 24.3101177216
maxRangeAngleOfAttack: -3.05664992332
maxRangeFlightTime: 86.1400680542
maxRangeThrust-g-: 3146.61767578
maxRangeStaticThrust-g-: 23181.5605469
maxSpeed: 34.5608978271
maxSpeedAngleOfAttack: -5.97342157364
maxSpeedFlightTime: 57.0205383301
stallAngleOfAttack: 6.8354434967
stallSpeed: 16.4498806
hoverTime: -99999.8984375
hoverPayload-g-: -99999.8984375
stableAnglesOfAttack: [-4.947988033294678]
stablePitchStabilityDerivative: [-1.465507984161377]
