Aerodynamic Coefficients for Q400 Fixed Wing UAV

Cruise speed: 15.00 m/s
Altitude: 0.00 m
Notes:
*Reference area and reference length equal to 1.0
*Control surfaces in neutral (untrimmed) positions
*Hinges and actuators in neutral position
*Non-potential-flow solutions do not account for induced flows, significantly over-estimating performance

Angle of Attack [deg]	CFx	CFy	CFz	CMx	CMy	CMz	Cl	Cd	Potential Flow Solution? (0=No, 1=Yes)
-25.000000	 -0.000000	 -0.056318	 -1.184567	  0.337367	 -0.000014	  0.000150	 -1.049781	  0.551661	  1.000000
-24.750000	 -0.000000	 -0.061051	 -1.162437	  0.332872	 -0.000015	  0.000150	 -1.030099	  0.542109	  1.000000
-24.500000	 -0.000000	 -0.065666	 -1.140360	  0.328377	 -0.000016	  0.000150	 -1.010452	  0.532653	  1.000000
-24.250000	  0.000000	 -0.070161	 -1.118338	  0.323881	 -0.000017	  0.000150	 -0.990842	  0.523292	  1.000000
-24.000000	  0.000000	 -0.074543	 -1.096385	  0.319379	 -0.000017	  0.000150	 -0.971278	  0.514039	  1.000000
-23.750000	  0.000000	 -0.078807	 -1.074486	  0.314868	 -0.000018	  0.000150	 -0.951750	  0.504879	  1.000000
-23.500000	  0.000000	 -0.082955	 -1.052656	  0.310358	 -0.000019	  0.000150	 -0.932271	  0.495821	  1.000000
-23.250000	  0.000000	 -0.086986	 -1.030897	  0.305847	 -0.000020	  0.000149	 -0.912842	  0.486862	  1.000000
-23.000000	  0.000000	 -0.090899	 -1.009212	  0.301335	 -0.000020	  0.000149	 -0.893467	  0.478004	  1.000000
-22.750000	  0.000000	 -0.094689	 -0.987582	  0.296821	 -0.000021	  0.000149	 -0.874132	  0.469231	  1.000000
-22.500000	  0.000000	 -0.098363	 -0.966039	  0.292308	 -0.000022	  0.000149	 -0.854861	  0.460562	  1.000000
-22.250000	 -0.000000	 -0.101960	 -0.944703	  0.287758	 -0.000023	  0.000149	 -0.835754	  0.452078	  1.000000
-22.000000	 -0.000000	 -0.105445	 -0.923482	  0.283194	 -0.000023	  0.000149	 -0.816737	  0.443709	  1.000000
-21.750000	  0.000000	 -0.108833	 -0.902446	  0.278561	 -0.000024	  0.000149	 -0.797872	  0.435493	  1.000000
-21.500000	  0.000000	 -0.112091	 -0.881467	  0.273884	 -0.000025	  0.000149	 -0.779051	  0.427350	  1.000000
-21.250000	 -0.000000	 -0.115217	 -0.860531	  0.269172	 -0.000025	  0.000149	 -0.760262	  0.419272	  1.000000
-21.000000	 -0.000000	 -0.118252	 -0.839839	  0.264371	 -0.000026	  0.000149	 -0.741680	  0.411369	  1.000000
-20.750000	 -0.000000	 -0.121310	 -0.819878	  0.259258	 -0.000027	  0.000149	 -0.723718	  0.403917	  1.000000
-20.500000	  0.000000	 -0.124337	 -0.800344	  0.253957	 -0.000027	  0.000149	 -0.706116	  0.396749	  1.000000
-20.250000	  0.000000	 -0.127264	 -0.780876	  0.248625	 -0.000028	  0.000149	 -0.688563	  0.389672	  1.000000
-20.000000	  0.000000	 -0.130072	 -0.761470	  0.243262	 -0.000029	  0.000148	 -0.671061	  0.382665	  1.000000
-19.750000	  0.000000	 -0.132754	 -0.742112	  0.237872	 -0.000030	  0.000148	 -0.653598	  0.375717	  1.000000
-19.500000	 -0.000000	 -0.135363	 -0.722948	  0.232406	 -0.000030	  0.000148	 -0.636295	  0.368924	  1.000000
-19.250000	 -0.000000	 -0.137999	 -0.704264	  0.226736	 -0.000031	  0.000148	 -0.619391	  0.362473	  1.000000
-19.000000	 -0.000000	 -0.140548	 -0.685682	  0.221029	 -0.000031	  0.000148	 -0.602567	  0.356127	  1.000000
-18.750000	 -0.000000	 -0.143007	 -0.667086	  0.215337	 -0.000032	  0.000148	 -0.585716	  0.349845	  1.000000
-18.500000	 -0.000000	 -0.145351	 -0.648446	  0.209655	 -0.000033	  0.000148	 -0.568816	  0.343594	  1.000000
-18.250000	 -0.000000	 -0.147574	 -0.629797	  0.203984	 -0.000033	  0.000148	 -0.551903	  0.337380	  1.000000
-18.000000	 -0.000000	 -0.149698	 -0.610966	  0.198387	 -0.000034	  0.000147	 -0.534804	  0.331170	  1.000000
-17.750000	  0.000000	 -0.151746	 -0.591898	  0.192953	 -0.000034	  0.000147	 -0.517459	  0.324971	  1.000000
-17.500000	 -0.000000	 -0.153655	 -0.572839	  0.187514	 -0.000035	  0.000147	 -0.500121	  0.318800	  1.000000
-17.250000	  0.000000	 -0.155469	 -0.553731	  0.182057	 -0.000036	  0.000147	 -0.482721	  0.312681	  1.000000
-17.000000	  0.000000	 -0.157182	 -0.534366	  0.176649	 -0.000036	  0.000147	 -0.465061	  0.306548	  1.000000
-16.750000	  0.000000	 -0.158777	 -0.514809	  0.171288	 -0.000037	  0.000147	 -0.447208	  0.300406	  1.000000
-16.500000	  0.000000	 -0.160259	 -0.494161	  0.166258	 -0.000038	  0.000147	 -0.428295	  0.294009	  1.000000
-16.250000	  0.000000	 -0.161611	 -0.472883	  0.161425	 -0.000038	  0.000147	 -0.408768	  0.287481	  1.000000
-16.000000	  0.000000	 -0.162807	 -0.451622	  0.156585	 -0.000039	  0.000146	 -0.389251	  0.280984	  1.000000
-15.750000	  0.000000	 -0.163848	 -0.430378	  0.151738	 -0.000040	  0.000146	 -0.369745	  0.274519	  1.000000
-15.499999	  0.000000	 -0.164879	 -0.408863	  0.146763	 -0.000040	  0.000146	 -0.349931	  0.268146	  1.000000
-15.250001	 -0.000000	 -0.165984	 -0.386894	  0.141626	 -0.000041	  0.000146	 -0.329612	  0.261904	  1.000000
-15.000001	  0.000000	 -0.167723	 -0.363266	  0.136102	 -0.000042	  0.000146	 -0.307478	  0.256029	  1.000000
-14.750000	 -0.000000	 -0.169424	 -0.339351	  0.130504	 -0.000042	  0.000146	 -0.285032	  0.250240	  1.000000
-14.500000	 -0.000000	 -0.170949	 -0.315449	  0.124897	 -0.000043	  0.000145	 -0.262599	  0.244486	  1.000000
-14.250000	  0.000000	 -0.172297	 -0.291561	  0.119281	 -0.000044	  0.000145	 -0.240179	  0.238764	  1.000000
-14.000000	  0.000000	 -0.173471	 -0.267683	  0.113649	 -0.000044	  0.000145	 -0.217765	  0.233077	  1.000000
-13.750000	  0.000000	 -0.174541	 -0.244023	  0.108075	 -0.000045	  0.000145	 -0.195543	  0.227540	  1.000000
-13.500000	  0.000000	 -0.175589	 -0.221817	  0.102761	 -0.000046	  0.000145	 -0.174698	  0.222520	  1.000000
-13.250000	  0.000000	 -0.176474	 -0.199640	  0.097442	 -0.000046	  0.000144	 -0.153878	  0.217533	  1.000000
-13.000000	 -0.000000	 -0.177194	 -0.177482	  0.092116	 -0.000047	  0.000144	 -0.133073	  0.212578	  1.000000
-12.750000	  0.000000	 -0.177751	 -0.155346	  0.086785	 -0.000048	  0.000144	 -0.112286	  0.207652	  1.000000
-12.500000	  0.000000	 -0.178144	 -0.133231	  0.081448	 -0.000048	  0.000144	 -0.091516	  0.202758	  1.000000
-12.250000	 -0.000000	 -0.178543	 -0.110879	  0.076087	 -0.000049	  0.000144	 -0.070472	  0.198003	  1.000000
-12.000000	 -0.000000	 -0.179284	 -0.087912	  0.070801	 -0.000050	  0.000143	 -0.048715	  0.193644	  1.000000
-11.750000	 -0.000000	 -0.179990	 -0.064996	  0.065747	 -0.000050	  0.000143	 -0.026981	  0.189454	  1.000000
-11.500000	  0.000000	 -0.180546	 -0.042102	  0.060720	 -0.000051	  0.000143	 -0.005262	  0.185315	  1.000000
-11.250000	  0.000000	 -0.180932	 -0.019228	  0.055687	 -0.000052	  0.000143	  0.016439	  0.181207	  1.000000
-11.000000	 -0.000000	 -0.181148	  0.003623	  0.050649	 -0.000052	  0.000143	  0.038121	  0.177129	  1.000000
-10.750000	 -0.000000	 -0.181835	  0.026158	  0.046186	 -0.000053	  0.000142	  0.059615	  0.173764	  1.000000
-10.500000	  0.000000	 -0.183208	  0.048471	  0.042392	 -0.000054	  0.000142	  0.081046	  0.171307	  1.000000
-10.250000	  0.000000	 -0.184272	  0.069029	  0.040412	 -0.000054	  0.000142	  0.100718	  0.169048	  1.000000
-10.000000	  0.000000	 -0.184932	  0.087816	  0.040421	 -0.000055	  0.000142	  0.118595	  0.166873	  1.000000
 -9.750000	  0.000000	 -0.185455	  0.106028	  0.040777	 -0.000055	  0.000141	  0.135904	  0.164821	  1.000000
 -9.500000	 -0.000000	 -0.185842	  0.124199	  0.041143	 -0.000056	  0.000141	  0.153168	  0.162794	  1.000000
 -9.250000	  0.000000	 -0.183496	  0.119987	  0.063044	 -0.000056	  0.000141	  0.147922	  0.161823	  1.000000
 -9.000000	 -0.000000	 -0.182679	  0.143338	  0.048163	 -0.000056	  0.000141	  0.170151	  0.158007	  1.000000
 -8.750000	 -0.000000	 -0.176905	  0.128900	  0.076938	 -0.000056	  0.000140	  0.154311	  0.155238	  1.000000
 -8.500000	  0.000000	 -0.176095	  0.151642	  0.061385	 -0.000056	  0.000140	  0.176005	  0.151747	  1.000000
 -8.250000	 -0.000000	 -0.173370	  0.161908	  0.060359	 -0.000057	  0.000140	  0.185109	  0.148344	  1.000000
 -8.000000	 -0.000000	 -0.171835	  0.176196	  0.056643	 -0.000057	  0.000140	  0.198396	  0.145640	  1.000000
 -7.750000	  0.000000	 -0.170462	  0.196319	  0.051885	 -0.000058	  0.000140	  0.217513	  0.142432	  1.000000
 -7.500000	  0.000000	 -0.169148	  0.217666	  0.047050	 -0.000058	  0.000139	  0.237882	  0.139290	  1.000000
 -7.250000	  0.000000	 -0.167991	  0.240762	  0.042063	 -0.000059	  0.000139	  0.260037	  0.136265	  1.000000
 -7.000000	  0.000000	 -0.166663	  0.263822	  0.037070	 -0.000059	  0.000139	  0.282167	  0.133269	  1.000000
 -6.750000	 -0.000000	 -0.164892	  0.285645	  0.034393	 -0.000060	  0.000139	  0.303046	  0.130175	  1.000000
 -6.500000	  0.000000	 -0.163107	  0.311004	  0.030760	 -0.000061	  0.000138	  0.327469	  0.126852	  1.000000
 -6.250000	 -0.000000	 -0.159943	  0.340097	  0.031593	 -0.000061	  0.000138	  0.355488	  0.121967	  1.000000
 -6.000000	 -0.000001	 -0.156127	  0.364118	  0.039216	 -0.000063	  0.000137	  0.378443	  0.117211	  1.000000
 -5.750000	 -0.000000	 -0.152628	  0.396906	  0.040309	 -0.000063	  0.000138	  0.410200	  0.112095	  1.000000
 -5.500000	 -0.000000	 -0.149910	  0.437456	  0.032437	 -0.000064	  0.000137	  0.449810	  0.107292	  1.000000
 -5.250000	  0.000000	 -0.146947	  0.478403	  0.024427	 -0.000065	  0.000137	  0.489842	  0.102556	  1.000000
 -5.000000	  0.000000	 -0.143750	  0.520136	  0.016300	 -0.000066	  0.000137	  0.530685	  0.097870	  1.000000
 -4.750000	 -0.000000	 -0.141752	  0.558216	  0.009460	 -0.000067	  0.000137	  0.568037	  0.095040	  1.000000
 -4.500000	  0.000000	 -0.140803	  0.593746	  0.003349	 -0.000068	  0.000136	  0.602963	  0.093784	  1.000000
 -4.250000	  0.000000	 -0.139938	  0.628478	 -0.002453	 -0.000069	  0.000136	  0.637120	  0.092977	  1.000000
 -4.000000	 -0.000000	 -0.138932	  0.663041	 -0.008182	 -0.000070	  0.000136	  0.671118	  0.092342	  1.000000
 -3.750000	 -0.000000	 -0.137928	  0.697123	 -0.013678	 -0.000071	  0.000135	  0.704651	  0.092039	  1.000000
 -3.500000	 -0.000000	 -0.136905	  0.730667	 -0.018920	 -0.000072	  0.000135	  0.737662	  0.092044	  1.000000
 -3.250000	 -0.000000	 -0.135774	  0.763858	 -0.024063	 -0.000073	  0.000135	  0.770327	  0.092250	  1.000000
 -3.000000	  0.000000	 -0.134510	  0.796839	 -0.029130	 -0.000074	  0.000134	  0.802787	  0.092622	  1.000000
 -2.750000	 -0.000000	 -0.133013	  0.829720	 -0.034200	 -0.000075	  0.000134	  0.835146	  0.093052	  1.000000
 -2.500000	 -0.000000	 -0.131280	  0.862563	 -0.039271	 -0.000075	  0.000134	  0.867468	  0.093531	  1.000000
 -2.250000	 -0.000000	 -0.129346	  0.895300	 -0.044313	 -0.000076	  0.000133	  0.899688	  0.094097	  1.000000
 -2.000000	 -0.000000	 -0.127217	  0.927895	 -0.049313	 -0.000077	  0.000133	  0.931769	  0.094756	  1.000000
 -1.750000	 -0.000000	 -0.124878	  0.959822	 -0.054161	 -0.000078	  0.000133	  0.963188	  0.095508	  1.000000
 -1.500000	 -0.000000	 -0.122320	  0.991400	 -0.058927	 -0.000079	  0.000132	  0.994262	  0.096327	  1.000000
 -1.250000	 -0.000000	 -0.119578	  1.022700	 -0.063624	 -0.000079	  0.000132	  1.025065	  0.097240	  1.000000
 -1.000000	  0.000000	 -0.116657	  1.053821	 -0.068260	 -0.000080	  0.000132	  1.055696	  0.098248	  1.000000
 -0.750000	  0.000000	 -0.113502	  1.084868	 -0.072864	 -0.000081	  0.000131	  1.086260	  0.099292	  1.000000
 -0.500000	 -0.000000	 -0.110137	  1.115769	 -0.077432	 -0.000082	  0.000131	  1.116687	  0.100396	  1.000000
 -0.250000	  0.000000	 -0.106571	  1.146529	 -0.081965	 -0.000083	  0.000131	  1.146983	  0.101567	  1.000000
  0.000000	  0.000000	 -0.102781	  1.177156	 -0.086489	 -0.000083	  0.000130	  1.177156	  0.102781	  1.000000
  0.250000	 -0.000000	 -0.098768	  1.207790	 -0.091079	 -0.000084	  0.000130	  1.207347	  0.104037	  1.000000
  0.500000	 -0.000000	 -0.094539	  1.238569	 -0.095859	 -0.000085	  0.000130	  1.237697	  0.105344	  1.000000
  0.750000	 -0.000000	 -0.090119	  1.269465	 -0.100861	 -0.000086	  0.000130	  1.268176	  0.106728	  1.000000
  1.000000	 -0.000000	 -0.085522	  1.300207	 -0.106076	 -0.000087	  0.000129	  1.298517	  0.108201	  1.000000
  1.250000	  0.000000	 -0.080766	  1.329950	 -0.111606	 -0.000087	  0.000129	  1.327872	  0.109760	  1.000000
  1.500000	  0.000000	 -0.075849	  1.359889	 -0.117984	 -0.000088	  0.000129	  1.357438	  0.111420	  1.000000
  1.750000	  0.000000	 -0.070771	  1.390254	 -0.125233	 -0.000089	  0.000128	  1.387444	  0.113194	  1.000000
  2.000000	  0.000000	 -0.065447	  1.420147	 -0.132393	 -0.000090	  0.000128	  1.416998	  0.114969	  1.000000
  2.250000	  0.000000	 -0.059859	  1.449470	 -0.138888	 -0.000090	  0.000128	  1.446002	  0.116719	  1.000000
  2.500000	 -0.000000	 -0.054053	  1.477777	 -0.144570	 -0.000091	  0.000127	  1.474012	  0.118461	  1.000000
  2.750000	 -0.000000	 -0.048033	  1.505169	 -0.149731	 -0.000092	  0.000127	  1.501131	  0.120193	  1.000000
  3.000000	 -0.000000	 -0.041812	  1.532043	 -0.154724	 -0.000092	  0.000127	  1.527755	  0.121935	  1.000000
  3.250000	 -0.000000	 -0.035399	  1.558559	 -0.159564	 -0.000093	  0.000127	  1.554046	  0.123701	  1.000000
  3.500000	 -0.000000	 -0.028790	  1.584772	 -0.164249	 -0.000093	  0.000126	  1.580059	  0.125485	  1.000000
  3.750000	  0.000000	 -0.021992	  1.610560	 -0.168806	 -0.000094	  0.000126	  1.605674	  0.127281	  1.000000
  4.000000	 -0.000000	 -0.015010	  1.635405	 -0.173196	 -0.000095	  0.000126	  1.630375	  0.129053	  1.000000
  4.250000	 -0.000000	 -0.007841	  1.659544	 -0.177458	 -0.000095	  0.000125	  1.654399	  0.130806	  1.000000
  4.500000	 -0.000000	 -0.000487	  1.683261	 -0.181740	 -0.000096	  0.000125	  1.678034	  0.132553	  1.000000
  4.750000	  0.000000	  0.007025	  1.706581	 -0.186266	 -0.000096	  0.000125	  1.701302	  0.134318	  1.000000
  5.000000	  0.000000	  0.014712	  1.729763	 -0.190934	 -0.000097	  0.000125	  1.724463	  0.136103	  1.000000
  5.250000	  0.000000	  0.022248	  1.749526	 -0.195036	 -0.000097	  0.000124	  1.744222	  0.137930	  1.000000
  5.500000	  0.000000	  0.029530	  1.765235	 -0.198599	 -0.000098	  0.000124	  1.759938	  0.139796	  1.000000
  5.750000	 -0.000000	  0.036649	  1.778330	 -0.202051	 -0.000098	  0.000124	  1.773054	  0.141703	  1.000000
  6.000000	  0.000000	  0.043754	  1.790561	 -0.205937	 -0.000098	  0.000123	  1.785326	  0.143650	  1.000000
  6.250000	  0.000000	  0.050761	  1.801555	 -0.210928	 -0.000098	  0.000123	  1.796373	  0.145670	  1.000000
  6.500000	  0.000000	  0.057822	  1.812631	 -0.216072	 -0.000098	  0.000123	  1.807524	  0.147745	  1.000000
  6.750000	  0.000000	  0.064795	  1.822020	 -0.220762	 -0.000099	  0.000123	  1.817006	  0.149809	  1.000000
  7.000000	 -0.000000	  0.071690	  1.830971	 -0.224911	 -0.000099	  0.000122	  1.826060	  0.151983	  1.000000
  7.250000	  0.000000	  0.078332	  1.838543	 -0.228551	 -0.000099	  0.000122	  1.833729	  0.154316	  1.000000
  7.500000	 -0.000000	  0.075513	  1.819316	 -0.243365	 -0.000098	  0.000121	  1.813608	  0.162601	  1.000000
  7.750000	 -0.000000	  0.081996	  1.827814	 -0.246576	 -0.000098	  0.000121	  1.822175	  0.165236	  1.000000
  8.000000	  0.000000	  0.088469	  1.836120	 -0.249976	 -0.000098	  0.000121	  1.830564	  0.167930	  1.000000
  8.250000	  0.000000	  0.093076	  1.835918	 -0.252353	 -0.000098	  0.000120	  1.830274	  0.171328	  1.000000
  8.500000	 -0.000000	  0.096525	  1.831696	 -0.254170	 -0.000098	  0.000120	  1.825843	  0.175277	  1.000000
  8.750000	 -0.000000	  0.099673	  1.822581	 -0.255057	 -0.000098	  0.000119	  1.816532	  0.178744	  1.000000
  9.000000	  0.000000	  0.101999	  1.812044	 -0.255336	 -0.000097	  0.000119	  1.805690	  0.182723	  1.000000
  9.250000	  0.000003	  0.097361	  1.784324	 -0.253139	 -0.000112	  0.000115	  1.776771	  0.190722	  1.000000
  9.500000	  0.000002	  0.101512	  1.790071	 -0.256802	 -0.004936	  0.001627	  1.782275	  0.195327	  1.000000
  9.750000	 -0.000043	  0.105660	  1.793605	 -0.262269	 -0.002342	  0.000934	  1.785591	  0.199612	  0.000000
 10.000000	 -0.000015	  0.105464	  1.769894	 -0.257719	 -0.000204	  0.000287	  1.761319	  0.203477	  1.000000
 10.250000	 -0.000035	  0.105848	  1.757172	 -0.258058	  0.000669	  0.000023	  1.747964	  0.208519	  1.000000
 10.500000	  0.000393	  0.108914	  1.757883	 -0.260979	  0.004755	 -0.000385	  1.748295	  0.213259	  1.000000
 10.750000	  0.000484	  0.112530	  1.759897	 -0.265872	  0.005303	 -0.000507	  1.750001	  0.217708	  0.000000
 11.000000	  0.000585	  0.116073	  1.761295	 -0.270595	  0.005410	 -0.000443	  1.751083	  0.222130	  0.000000
 11.250000	  0.000627	  0.119776	  1.763033	 -0.275167	  0.005125	 -0.000335	  1.752524	  0.226476	  0.000000
 11.500000	 -0.002580	  0.116818	  1.732570	 -0.298222	  0.003884	 -0.003385	  1.721078	  0.230946	  1.000000
 11.750000	 -0.003642	  0.120056	  1.743203	 -0.300044	  0.004559	 -0.004110	  1.731123	  0.237448	  1.000000
 12.000000	 -0.003925	  0.123395	  1.748104	 -0.302317	  0.003195	 -0.003883	  1.735559	  0.242753	  1.000000
 12.250000	 -0.001945	  0.129676	  1.750861	 -0.306263	  0.002680	 -0.002497	  1.738510	  0.244770	  1.000000
 12.500000	 -0.001648	  0.133938	  1.755994	 -0.309142	  0.001921	 -0.002113	  1.743359	  0.249303	  1.000000
 12.750000	 -0.001809	  0.137627	  1.762404	 -0.311821	  0.001402	 -0.002155	  1.749321	  0.254724	  1.000000
 13.000000	 -0.001835	  0.141050	  1.768119	 -0.314502	  0.000555	 -0.001988	  1.754532	  0.260306	  1.000000
 13.250000	  0.000811	  0.141048	  1.772138	 -0.317382	 -0.000387	  0.001364	  1.757291	  0.268882	  1.000000
 13.500000	  0.000920	  0.144365	  1.772478	 -0.319576	 -0.000485	  0.001546	  1.757205	  0.273400	  1.000000
 13.750000	  0.001163	  0.147297	  1.771817	 -0.321783	 -0.000323	  0.001727	  1.756051	  0.278060	  1.000000
 14.000000	  0.001346	  0.148908	  1.769409	 -0.322941	 -0.000171	  0.001862	  1.752874	  0.283574	  1.000000
 14.250000	  0.001495	  0.150345	  1.763505	 -0.315687	  0.000166	  0.002013	  1.746252	  0.288374	  0.000000
 14.500000	  0.001524	  0.149663	  1.759126	 -0.315361	  0.000164	  0.001951	  1.740566	  0.295554	  1.000000
 14.750000	  0.003177	  0.149552	  1.758609	 -0.311334	  0.000985	  0.003482	  1.738732	  0.303122	  1.000000
 15.000001	  0.003814	  0.149089	  1.753261	 -0.305694	  0.001628	  0.004015	  1.732107	  0.309768	  1.000000
 15.250001	  0.004015	  0.148028	  1.746795	 -0.299139	  0.001340	  0.004365	  1.724221	  0.316646	  1.000000
 15.499999	  0.000914	  0.145649	  1.732001	 -0.312647	  0.002549	  0.000610	  1.707932	  0.322505	  1.000000
 15.750000	  0.002489	  0.148759	  1.746232	 -0.309624	  0.000189	  0.003052	  1.721049	  0.330825	  1.000000
 16.000000	  0.002421	  0.148772	  1.747170	 -0.316063	  0.000077	  0.003024	  1.720495	  0.338577	  1.000000
 16.250000	  0.002384	  0.149257	  1.756592	 -0.331117	 -0.000261	  0.003052	  1.728182	  0.348251	  0.000000
 16.500000	  0.001236	  0.147262	  1.740187	 -0.346508	  0.000157	  0.001671	  1.710351	  0.353042	  1.000000
 16.750000	  0.001138	  0.147059	  1.745707	 -0.361259	  0.000335	  0.001507	  1.714021	  0.362287	  0.000000
 17.000000	  0.001026	  0.147395	  1.751313	 -0.375183	  0.000226	  0.001416	  1.717883	  0.371080	  0.000000
 17.250000	  0.000906	  0.146415	  1.752074	 -0.382443	  0.000231	  0.001276	  1.716684	  0.379733	  0.000000
 17.500000	 -0.000289	  0.140874	  1.743708	 -0.370965	  0.003971	 -0.000693	  1.705365	  0.389989	  1.000000
 17.750000	 -0.002444	  0.142372	  1.751043	 -0.384311	  0.002215	 -0.003554	  1.711090	  0.398236	  1.000000
 18.000000	 -0.002828	  0.143134	  1.758391	 -0.387234	  0.002136	 -0.004295	  1.716560	  0.407244	  1.000000
 18.250000	 -0.002611	  0.145086	  1.768308	 -0.391866	  0.001908	 -0.004026	  1.724796	  0.415982	  1.000000
 18.500000	 -0.002422	  0.147151	  1.777747	 -0.396498	  0.001849	 -0.003823	  1.732571	  0.424541	  1.000000
 18.750000	 -0.001951	  0.149769	  1.787428	 -0.404066	  0.002184	 -0.003341	  1.740711	  0.432729	  0.000000
 19.000000	 -0.001423	  0.152332	  1.795994	 -0.408395	  0.002169	 -0.002651	  1.747740	  0.440685	  0.000000
 19.250000	 -0.000917	  0.155124	  1.804719	 -0.411484	  0.001927	 -0.001900	  1.754958	  0.448548	  0.000000
 19.500000	  0.000964	  0.154555	  1.817190	 -0.410603	 -0.002966	  0.002059	  1.764550	  0.460900	  1.000000
 19.750000	  0.000956	  0.156834	  1.825910	 -0.411078	 -0.002315	  0.001856	  1.771500	  0.469397	  1.000000
 20.000000	  0.000815	  0.160883	  1.839316	 -0.416186	 -0.002370	  0.001717	  1.783417	  0.477903	  0.000000
 20.250000	  0.000656	  0.164562	  1.851486	 -0.419496	 -0.002325	  0.001517	  1.794006	  0.486440	  0.000000
 20.500000	  0.001041	  0.164007	  1.860778	 -0.416525	 -0.003096	  0.002145	  1.800375	  0.498037	  1.000000
 20.750000	  0.000879	  0.168247	  1.875104	 -0.420579	 -0.003116	  0.001960	  1.813084	  0.506999	  0.000000
 21.000000	  0.001053	  0.172495	  1.896402	 -0.427419	 -0.003755	  0.002299	  1.832261	  0.518572	  1.000000
 21.250000	  0.000954	  0.175559	  1.897366	 -0.419448	 -0.002780	  0.001985	  1.831989	  0.524056	  1.000000
 21.500000	  0.000806	  0.180552	  1.913236	 -0.423650	 -0.002801	  0.001815	  1.846281	  0.533215	  0.000000
 21.750000	  0.000758	  0.185440	  1.930747	 -0.431971	 -0.003148	  0.001930	  1.862013	  0.543214	  1.000000
 22.000000	  0.000603	  0.190509	  1.946070	 -0.434784	 -0.003180	  0.001762	  1.875730	  0.552374	  0.000000
 22.250000	  0.000438	  0.195576	  1.960465	 -0.437759	 -0.003065	  0.001540	  1.888544	  0.561314	  0.000000
 22.500000	  0.000276	  0.200614	  1.974420	 -0.440374	 -0.002881	  0.001309	  1.900898	  0.570235	  0.000000
 22.750000	  0.000015	  0.194554	  1.948473	 -0.444756	 -0.000113	  0.000138	  1.872120	  0.574078	  1.000000
 23.000000	  0.000013	  0.200074	  1.965243	 -0.448710	 -0.000119	  0.000136	  1.887191	  0.583713	  0.000000
 23.250000	  0.000345	  0.203785	  1.977251	 -0.448416	  0.000148	  0.000540	  1.897124	  0.593272	  1.000000
 23.500000	  0.000000	  0.209102	  1.994127	 -0.453189	 -0.000093	  0.000087	  1.912113	  0.603397	  1.000000
 23.750000	 -0.000000	  0.214473	  2.009821	 -0.456549	 -0.000093	  0.000086	  1.925991	  0.613139	  1.000000
 24.000000	 -0.000000	  0.219886	  2.025426	 -0.459845	 -0.000093	  0.000086	  1.939754	  0.622939	  1.000000
 24.250000	 -0.000000	  0.225264	  2.040587	 -0.462644	 -0.000093	  0.000086	  1.953050	  0.632720	  1.000000
 24.500000	  0.000000	  0.230676	  2.055698	 -0.465437	 -0.000093	  0.000085	  1.966266	  0.642578	  1.000000
 24.750000	  0.000000	  0.236116	  2.070731	 -0.468184	 -0.000094	  0.000085	  1.979372	  0.652505	  1.000000
 25.000000	 -0.000000	  0.241559	  2.085551	 -0.470722	 -0.000094	  0.000084	  1.992238	  0.662465	  1.000000

Performance Parameters for Q400 Fixed Wing UAV

maxLiftToDragRatio: 13.1791009903
maxLiftToDragRatioLiftCoefficient: 1.58404076099
maxLiftToDragRatioDragCoefficient: 0.120192788541
maxLiftToDragRatioAngleOfAttack: 3.45110821724
zeroLiftAngleOfAttack: -12.0383729935
zeroLiftDragCoefficient: 0.179509565234
minDragCoefficient: 0.0869686082006
minDragCoefficientAngleOfAttack: -3.12871980667
bestGlideRatioPathAngle: -4.33915710449
bestGlideRatioSpeed: 18.9878845215
bestGlideRatioAngleOfAttack: 3.45114612579
bestGlideRatio: 13.1791038513
bestGlideRatioSinkRate: -1.43662726879
maxAircraftMass: 37.565120697
maxPayloadMassSpeed: 38.4104499817
maxPayloadMassAngleOfAttack: 5.36693000793
maxPayloadMass: 2.56512069702
minThrust-g-: 2648.41064453
minThrustSpeed: 18.9552631378
minThrustAngleOfAttack: 3.47945284843
requiredStaticThrust-g-: 8417.28710938
availableStaticThrust-g-: 23792.6015625
thrustToWeightRatio: 0.679788649082
maxFlightTime: 122.353622437
maxFlightTimeSpeed: 18.2205734253
maxFlightTimeAngleOfAttack: 5.17260217667
maxFlightTimeRange: 133.761184692
maxFlightTimeThrust-g-: 2698.44360352
maxFlightTimeStaticThrust-g-: 29325.5
maxRange: 149.283782959
maxRangeSpeed: 26.8721866608
maxRangeAngleOfAttack: -3.14304471016
maxRangeFlightTime: 92.5860290527
maxRangeThrust-g-: 3843.16699219
maxRangeStaticThrust-g-: 31973.7089844
maxSpeed: 40.4912910461
maxSpeedAngleOfAttack: -6.50849103928
maxSpeedFlightTime: 57.2854156494
stallAngleOfAttack: 7.34177303314
stallSpeed: 17.8732089996
hoverTime: -99999.8984375
hoverPayload-g-: -99999.8984375
stableAnglesOfAttack: [-4.310048580169678]
stablePitchStabilityDerivative: [-1.4314429759979248]
